1 4 6 10 11 14 17 20 21 22 46
1 4 6 7 46
1 4 6 10 11 14 17 20 21 22 46
1 4 6 10 11 14 17 18 20 29 32 35 38 39 46
1 4 6 10 11 14 17 20 21 22 46
1 4 6 10 11 14 17 20 21 25 46
0 4 6 10 11 12 14 17 20 29 30 46
0 4 6 10 11 12 14 17 20 29 30 46
0 4 6 10 11 12 14 17 20 29 30 46
1 4 6 10 11 14 17 20 21 25 46
1 4 6 10 11 14 17 20 21 22 46
1 4 6 10 11 14 17 20 21 25 46
1 4 6 10 11 14 17 20 21 22 46
1 4 6 10 11 14 15 17 20 29 32 35 36 46
1 4 6 7 46
1 4 6 7 46
1 4 6 10 11 14 17 20 21 25 46
1 4 6 10 11 14 15 17 20 29 32 35 36 46
1 4 6 7 46
1 4 6 7 46
1 4 6 10 11 14 17 18 20 29 32 35 38 42 46
1 4 6 10 11 14 17 20 21 22 46
1 4 6 7 46
0 4 6 10 11 12 14 17 20 29 32 35 36 46
1 4 6 10 11 14 17 20 21 25 46
1 4 6 10 11 14 17 18 20 29 32 35 38 39 46
1 4 6 7 46
1 4 6 10 11 12 14 17 20 29 32 35 38 39 46
1 4 6 10 11 14 17 20 21 22 46
1 4 6 7 46
1 4 6 10 11 14 17 20 21 25 46
1 4 6 7 46
1 4 6 10 11 14 17 20 21 22 46
0 4 6 10 11 12 14 17 20 29 30 46
1 4 6 7 46
1 4 6 7 46
1 4 6 10 11 14 17 20 21 22 46
1 4 6 7 46
1 4 6 7 46
1 4 6 10 11 14 17 20 21 25 46
1 4 6 7 46
1 4 6 10 11 14 17 20 21 25 46
1 4 6 10 11 14 17 20 21 25 46
1 4 6 10 11 12 14 15 17 18 20 29 30 46
1 4 6 7 46
1 4 6 10 11 14 17 18 20 29 32 35 38 42 46
0 4 6 10 11 12 14 17 20 29 30 46
1 4 6 10 11 14 17 18 20 29 32 35 38 42 46
1 4 6 7 46
1 4 6 10 11 14 17 20 21 22 46
1 4 6 7 46
1 4 6 10 11 14 17 20 21 25 46
1 4 6 7 46
1 4 6 10 11 14 17 20 21 22 46
1 4 6 7 46
1 4 6 7 46
1 4 6 10 11 14 17 20 21 22 46
1 4 6 10 11 14 15 17 20 29 32 35 36 46
1 4 6 10 11 14 17 18 20 29 32 35 38 39 46
1 4 6 10 11 14 17 18 20 29 32 35 38 39 46
1 4 6 10 11 14 17 20 21 25 46
0 4 6 10 11 12 14 17 20 29 30 46
1 4 6 10 11 14 17 20 21 25 46
1 4 6 10 11 14 17 20 21 22 46
1 4 6 10 11 14 17 18 20 29 32 35 38 39 46
1 4 6 10 11 14 17 20 21 22 46
1 4 6 7 46
1 4 6 7 46
1 4 6 10 11 14 17 18 20 29 32 35 38 39 46
1 4 6 10 11 14 17 20 21 22 46
1 4 6 10 11 14 15 17 20 29 32 35 36 46
1 4 6 10 11 14 17 18 20 29 32 35 38 39 46
1 4 6 7 46
1 4 6 7 46
1 4 6 7 46
1 4 6 7 46
1 4 6 10 11 14 17 20 21 22 46
1 4 6 10 11 14 17 20 21 22 46
1 4 6 10 11 14 17 20 21 22 46
1 4 6 10 11 14 17 20 21 25 46
1 4 6 10 11 14 17 20 21 25 46
1 4 6 10 11 14 17 20 21 25 46
0 4 6 10 11 12 14 17 20 29 30 46
1 4 6 7 46
1 4 6 10 11 14 17 20 21 22 46
0 4 6 10 11 12 14 17 20 29 32 35 36 46
1 4 6 10 11 14 17 20 21 22 46
1 4 6 10 11 14 17 20 21 22 46
1 4 6 10 11 14 17 20 21 22 46
1 4 6 10 11 14 17 20 21 22 46
1 4 6 10 11 14 17 20 21 22 46
1 4 6 10 11 14 17 20 21 25 46
1 4 6 10 11 14 17 20 21 25 46
1 4 6 10 11 14 17 20 21 22 46
1 4 6 7 46
1 4 6 10 11 14 17 20 21 22 46
1 4 6 10 11 14 17 20 21 22 46
1 4 6 10 11 14 17 18 20 29 32 35 38 39 46
1 4 6 7 46
1 4 6 10 11 14 17 18 20 29 32 35 38 39 46
1 4 6 7 46
1 4 6 10 11 14 17 18 20 29 32 35 38 39 46
1 4 6 10 11 14 17 20 21 25 46
1 4 6 10 11 14 17 20 21 25 46
1 4 6 10 11 14 17 20 21 22 46
1 4 6 7 46
1 4 6 10 11 14 17 20 21 22 46
1 4 6 10 11 14 15 17 20 29 32 35 36 46
0 4 6 10 11 12 14 17 20 29 32 35 38 39 46
1 4 6 10 11 14 15 17 20 29 32 35 38 42 46
1 4 6 10 11 14 17 20 21 22 46
1 4 6 10 11 14 17 18 20 29 32 35 38 42 46
1 4 6 7 46
1 4 6 10 11 14 17 20 21 25 46
1 4 6 10 11 14 17 20 21 25 46
1 4 6 7 46
1 4 6 10 11 14 17 20 21 25 46
1 4 6 7 46
1 4 6 10 11 14 15 17 20 29 32 35 38 42 46
1 4 6 10 11 14 17 18 20 29 32 35 38 39 46
0 4 6 10 11 12 14 17 20 29 30 46
1 4 6 10 11 14 17 20 21 22 46
1 4 6 10 11 14 17 20 21 25 46
1 4 6 10 11 14 17 20 21 25 46
1 4 6 10 11 14 17 20 21 22 46
1 4 6 7 46
1 4 6 10 11 14 17 20 21 22 46
1 4 6 7 46
1 4 6 10 11 14 17 20 21 22 46
1 4 6 10 11 14 17 20 21 25 46
1 4 6 10 11 14 17 20 21 22 46
1 4 6 10 11 14 17 20 21 22 46
1 4 6 7 46
1 4 6 10 11 14 17 20 21 22 46
1 4 6 10 11 14 17 20 21 25 46
1 4 6 10 11 14 17 20 21 22 46
1 4 6 10 11 14 17 20 21 22 46
1 4 6 7 46
1 4 6 10 11 14 17 20 21 22 46
1 4 6 10 11 14 17 20 21 22 46
1 4 6 10 11 14 17 20 21 22 46
1 4 6 10 11 14 17 18 20 29 32 35 38 39 46
1 4 6 7 46
1 4 6 7 46
1 4 6 10 11 14 17 20 21 22 46
1 4 6 7 46
1 4 6 10 11 14 17 18 20 29 32 35 38 39 46
1 4 6 7 46
0 4 6 10 11 12 14 17 20 29 32 35 36 46
1 4 6 7 46
0 4 6 10 11 12 14 17 20 29 30 46
1 4 6 10 11 14 17 20 21 22 46
1 4 6 10 11 14 15 17 20 29 32 35 36 46
1 4 6 10 11 14 15 17 20 29 32 35 36 46
1 4 6 10 11 14 17 20 21 22 46
1 4 6 10 11 14 17 20 21 25 46
1 4 6 10 11 14 17 20 21 22 46
1 4 6 10 11 14 17 20 21 22 46
1 4 6 10 11 14 17 20 21 25 46
1 4 6 10 11 14 17 18 20 29 32 35 38 39 46
1 4 6 10 11 14 17 20 21 22 46
1 4 6 10 11 14 17 20 21 25 46
0 4 6 10 11 12 14 17 20 29 32 35 38 39 46
1 4 6 10 11 14 17 20 21 22 46
1 4 6 10 11 14 17 18 20 29 32 35 38 42 46
1 4 6 10 11 14 15 17 20 29 32 35 38 42 46
1 4 6 10 11 14 15 17 20 29 32 35 38 42 46
1 4 6 10 11 14 17 20 21 22 46
1 4 6 10 11 14 17 20 21 22 46
1 4 6 10 11 14 17 20 21 22 46
1 4 6 10 11 14 17 18 20 29 32 35 38 39 46
1 4 6 7 46
1 4 6 10 11 14 17 20 21 25 46
1 4 6 10 11 14 17 20 21 25 46
1 4 6 7 46
1 4 6 7 46
1 4 6 7 46
1 4 6 10 11 14 17 18 20 29 32 35 38 42 46
1 4 6 10 11 14 17 20 21 22 46
1 4 6 10 11 14 17 20 21 22 46
1 4 6 7 46
1 4 6 10 11 14 17 20 21 25 46
1 4 6 10 11 14 15 17 20 29 32 35 38 42 46
1 4 6 7 46
1 4 6 10 11 14 15 17 20 29 32 35 36 46
1 4 6 10 11 14 17 20 21 22 46
1 4 6 10 11 14 17 20 21 22 46
1 4 6 10 11 14 17 20 21 22 46
1 4 6 10 11 14 17 20 21 22 46
1 4 6 10 11 14 17 20 21 22 46
1 4 6 10 11 14 17 20 21 25 46
1 4 6 10 11 14 17 20 21 25 46
1 4 6 7 46
1 4 6 10 11 14 17 20 21 25 46
1 4 6 10 11 14 15 17 20 29 32 35 36 46
1 4 6 7 46
1 4 6 10 11 14 17 20 21 25 46
0 4 6 10 11 12 14 17 20 29 30 46
1 4 6 10 11 14 17 20 21 22 46
1 4 6 10 11 14 17 20 21 25 46
1 4 6 10 11 14 17 20 21 22 46
1 4 6 10 11 14 17 20 21 22 46
1 4 6 10 11 14 17 20 21 25 46
1 4 6 10 11 14 15 17 20 29 32 35 36 46
0 4 6 10 11 12 14 17 20 29 30 46
0 4 6 10 11 12 14 17 20 29 30 46
0 4 6 10 11 12 14 17 20 29 30 46
1 4 6 10 11 14 15 17 20 29 32 35 36 46
1 4 6 10 11 14 17 20 21 25 46
1 4 6 10 11 14 17 20 21 25 46
1 4 6 7 46
1 4 6 7 46
1 4 6 10 11 14 17 20 21 22 46
1 4 6 7 46
1 4 6 10 11 14 17 20 21 22 46
1 4 6 10 11 14 15 17 20 29 32 35 36 46
1 4 6 7 46
1 4 6 10 11 14 17 20 21 22 46
1 4 6 10 11 14 17 20 21 25 46
1 4 6 7 46
1 4 6 10 11 14 17 18 20 29 32 35 38 42 46
1 4 6 10 11 14 17 20 21 22 46
1 4 6 10 11 14 17 20 21 25 46
1 4 6 10 11 14 15 17 20 29 32 35 38 42 46
0 4 6 10 11 12 14 17 20 29 32 35 38 39 46
1 4 6 10 11 14 17 18 20 29 32 35 38 42 46
1 4 6 7 46
1 4 6 10 11 14 17 20 21 25 46
1 4 6 7 46
0 4 6 10 11 12 14 17 20 29 30 46
0 4 6 10 11 12 14 17 20 29 30 46
1 4 6 7 46
1 4 6 10 11 14 17 20 21 22 46
1 4 6 7 46
1 4 6 10 11 14 17 20 21 22 46
1 4 6 10 11 14 17 20 21 22 46
1 4 6 7 46
1 4 6 10 11 14 17 20 21 22 46
1 4 6 10 11 14 17 20 21 22 46
1 4 6 10 11 14 17 20 21 22 46
0 4 6 10 11 12 14 17 20 29 30 46
0 4 6 10 11 12 14 17 20 29 32 35 38 39 46
0 4 6 10 11 12 14 17 20 29 30 46
0 4 6 10 11 12 14 17 20 29 30 46
0 4 6 10 11 12 14 17 20 29 30 46
0 4 6 10 11 12 14 17 20 29 30 46
0 4 6 10 11 12 14 17 20 29 32 35 36 46
0 4 6 10 11 12 14 17 20 29 30 46
0 4 6 10 11 12 14 17 20 29 30 46
0 4 6 10 11 12 14 17 20 29 30 46
0 4 6 10 11 12 14 17 20 29 30 46
0 4 6 10 11 12 14 17 20 29 32 35 38 39 46
0 4 6 10 11 12 14 17 20 29 30 46
0 4 6 10 11 12 14 17 20 29 30 46
0 4 6 10 11 12 14 17 20 29 32 35 36 46
0 4 6 10 11 12 14 17 20 29 32 35 38 39 46
0 4 6 10 11 12 14 17 20 29 30 46
0 4 6 10 11 12 14 17 20 29 30 46
0 4 6 10 11 12 14 17 20 29 30 46
0 4 6 10 11 12 14 17 20 29 30 46
0 4 6 10 11 12 14 17 20 29 30 46
0 4 6 10 11 12 14 17 20 29 32 35 38 39 46
0 4 6 10 11 12 14 17 20 29 30 46
0 4 6 10 11 12 14 17 20 29 30 46
0 4 6 10 11 12 14 17 20 29 30 46
0 4 6 10 11 12 14 17 20 29 30 46
0 4 6 10 11 12 14 17 20 29 30 46
0 4 6 10 11 12 14 17 20 29 32 35 36 46
0 4 6 10 11 12 14 17 20 29 32 35 38 39 46
0 4 6 10 11 12 14 17 20 29 30 46
0 4 6 10 11 12 14 17 20 29 30 46
0 4 6 10 11 12 14 17 20 29 30 46
0 4 6 10 11 12 14 17 20 29 30 46
0 4 6 10 11 12 14 17 20 29 30 46
0 4 6 10 11 12 14 17 20 29 32 35 36 46
0 4 6 10 11 12 14 17 20 29 30 46
0 4 6 10 11 12 14 17 20 29 32 35 38 39 46
0 4 6 10 11 12 14 17 20 29 30 46
0 4 6 10 11 12 14 17 20 29 30 46
0 4 6 10 11 12 14 17 20 29 30 46
0 4 6 10 11 12 14 17 20 29 30 46
0 4 6 10 11 12 14 17 20 29 30 46
0 4 6 10 11 12 14 17 20 29 30 46
0 4 6 10 11 12 14 17 20 29 30 46
0 4 6 10 11 12 14 17 20 29 32 35 38 39 46
0 4 6 10 11 12 14 17 20 29 30 46
0 4 6 10 11 12 14 17 20 29 30 46
0 4 6 10 11 12 14 17 20 29 30 46
0 4 6 10 11 12 14 17 20 29 32 35 38 39 46
0 4 6 10 11 12 14 17 20 29 30 46
0 4 6 10 11 12 14 17 20 29 32 35 38 39 46
0 4 6 10 11 12 14 17 20 29 30 46
0 4 6 10 11 12 14 17 20 29 30 46
0 4 6 10 11 12 14 17 20 29 30 46
0 4 6 10 11 12 14 17 20 29 30 46
0 4 6 10 11 12 14 17 20 29 30 46
0 4 6 10 11 12 14 17 20 29 30 46
0 4 6 10 11 12 14 17 20 29 30 46
0 4 6 10 11 12 14 17 20 29 32 35 38 39 46
0 4 6 10 11 12 14 17 20 29 30 46
0 4 6 10 11 12 14 17 20 29 30 46
0 4 6 10 11 12 14 17 20 29 32 35 36 46
0 4 6 10 11 12 14 17 20 29 30 46
0 4 6 10 11 12 14 17 20 29 30 46
0 4 6 10 11 12 14 17 20 29 32 35 38 39 46
0 4 6 10 11 12 14 17 20 29 30 46
0 4 6 10 11 12 14 17 20 29 30 46
0 4 6 10 11 12 14 17 20 29 30 46
0 4 6 10 11 12 14 17 20 29 30 46
0 4 6 10 11 12 14 17 20 29 30 46
0 4 6 10 11 12 14 17 20 29 30 46
0 4 6 10 11 12 14 17 20 29 30 46
0 4 6 10 11 12 14 17 20 29 32 35 36 46
0 4 6 10 11 12 14 17 20 29 30 46
0 4 6 10 11 12 14 17 20 29 32 35 38 39 46
0 4 6 10 11 12 14 17 20 29 30 46
0 4 6 10 11 12 14 17 20 29 30 46
0 4 6 10 11 12 14 17 20 29 30 46
0 4 6 10 11 12 14 17 20 29 30 46
0 4 6 10 11 12 14 17 20 29 30 46
0 4 6 10 11 12 14 17 20 29 30 46
0 4 6 10 11 12 14 17 20 29 30 46
0 4 6 10 11 12 14 17 20 29 30 46
0 4 6 10 11 12 14 17 20 29 30 46
0 4 6 10 11 12 14 17 20 29 30 46
0 4 6 10 11 12 14 17 20 29 32 35 36 46
0 4 6 10 11 12 14 17 20 29 30 46
0 4 6 10 11 12 14 17 20 29 30 46
0 4 6 10 11 12 14 17 20 29 32 35 36 46
0 4 6 10 11 12 14 17 20 29 32 35 38 39 46
0 4 6 10 11 12 14 17 20 29 30 46
0 4 6 10 11 12 14 17 20 29 30 46
0 4 6 10 11 12 14 17 20 29 30 46
0 4 6 10 11 12 14 17 20 29 30 46
0 4 6 10 11 12 14 17 20 29 32 35 38 39 46
0 4 6 10 11 12 14 17 20 29 30 46
0 4 6 10 11 12 14 17 20 29 30 46
0 4 6 10 11 12 14 17 20 29 32 35 38 39 46
0 4 6 10 11 12 14 17 20 29 32 35 38 39 46
0 4 6 10 11 12 14 17 20 29 32 35 36 46
0 4 6 10 11 12 14 17 20 29 30 46
0 4 6 10 11 12 14 17 20 29 30 46
0 4 6 10 11 12 14 17 20 29 30 46
0 4 6 10 11 12 14 17 20 29 30 46
0 4 6 10 11 12 14 17 20 29 32 35 36 46
0 4 6 10 11 12 14 17 20 29 30 46
0 4 6 10 11 12 14 17 20 29 30 46
0 4 6 10 11 12 14 17 20 29 30 46
0 4 6 10 11 12 14 17 20 29 30 46
0 4 6 10 11 12 14 17 20 29 32 35 38 39 46
0 4 6 10 11 12 14 17 20 29 30 46
0 4 6 10 11 12 14 17 20 29 30 46
0 4 6 10 11 12 14 17 20 29 30 46
0 4 6 10 11 12 14 17 20 29 32 35 38 39 46
0 4 6 10 11 12 14 17 20 29 32 35 36 46
0 4 6 10 11 12 14 17 20 29 30 46
0 4 6 10 11 12 14 17 20 29 30 46
0 4 6 10 11 12 14 17 20 29 30 46
0 4 6 10 11 12 14 17 20 29 30 46
0 4 6 10 11 12 14 17 20 29 30 46
0 4 6 10 11 12 14 17 20 29 30 46
0 4 6 10 11 12 14 17 20 29 32 35 38 39 46
0 4 6 10 11 12 14 17 20 29 30 46
0 4 6 10 11 12 14 17 20 29 30 46
0 4 6 10 11 12 14 17 20 29 30 46
0 4 6 10 11 12 14 17 20 29 32 35 36 46
0 4 6 10 11 12 14 17 20 29 30 46
0 4 6 10 11 12 14 17 20 29 30 46
0 4 6 10 11 12 14 17 20 29 30 46
0 4 6 10 11 12 14 17 20 29 30 46
0 4 6 10 11 12 14 17 20 29 30 46
0 4 6 10 11 12 14 17 20 29 30 46
0 4 6 10 11 12 14 17 20 29 30 46
0 4 6 10 11 12 14 17 20 29 30 46
0 4 6 10 11 12 14 17 20 29 30 46
0 4 6 10 11 12 14 17 20 29 30 46
0 4 6 10 11 12 14 17 20 29 32 35 38 39 46
0 4 6 10 11 12 14 17 20 29 30 46
0 4 6 10 11 12 14 17 20 29 32 35 36 46
0 4 6 10 11 12 14 17 20 29 30 46
0 4 6 10 11 12 14 17 20 29 32 35 36 46
0 4 6 10 11 12 14 17 20 29 30 46
0 4 6 10 11 12 14 17 20 29 30 46
0 4 6 10 11 12 14 17 20 29 30 46
0 4 6 10 11 12 14 17 20 29 30 46
0 4 6 10 11 12 14 17 20 29 32 35 38 39 46
0 4 6 10 11 12 14 17 20 29 30 46
0 4 6 10 11 12 14 17 20 29 32 35 36 46
0 4 6 10 11 12 14 17 20 29 30 46
0 4 6 10 11 12 14 17 20 29 30 46
0 4 6 10 11 12 14 17 20 29 32 35 38 39 46
0 4 6 10 11 12 14 17 20 29 30 46
0 4 6 10 11 12 14 17 20 29 30 46
0 4 6 10 11 12 14 17 20 29 32 35 36 46
0 4 6 10 11 12 14 17 20 29 30 46
0 4 6 10 11 12 14 17 20 29 30 46
0 4 6 10 11 12 14 17 20 29 30 46
0 4 6 10 11 12 14 17 20 29 30 46
0 4 6 10 11 12 14 17 20 29 30 46
0 4 6 10 11 12 14 17 20 29 30 46
